[Camera]
Model = DJI Phantom 4 Pro

[Intrinsics]
fx = 0.690187639264783
fy = 0.691743546277092
cx = 0.496357451324382
cy = 0.512488207021176

[Radial]
k1 = -0.0135157865829167
k2 = 0.0115170782569725
k3 = 0.00408501968559129

[Tangential]
p1 = 0.00100397405901139
p2 = 0.000192736356482156
