[Camera]
Model = DJI Mini 2

[Intrinsics]
fx = 0.7126984127
fy = 0.7126984127
cx = 0.506748202
cy = 0.498188393

[Radial]
k1 = 0.0298194
k2 = -0.110242
k3 = 0.0

[Tangential]
p1 = 0.0007491
p2 = 0.0016115
