[Camera]
Model = DJI Mini 2

[Intrinsics]
fx = 0.7568749675
fy = 0.7568749675
cx = 0.4995236875
cy = 0.49861405333

[Radial]
k1 = -0.00362736
k2 = -0.00130119
k3 = 0.0

[Tangential]
p1 = 0.000287332
p2 = -0.00220176
