[Camera]
Model = DJI Phantom 2 Vision+

[Intrinsics]
fx = 1.0862776720934
fy = 1.0925997030047
cx = 0.5123578050241
cy = 0.5473193534385

[Radial]
k1 = -0.393371011637399
k2 = 0.224794030547544
k3 = -0.0603889440435054

[Tangential]
p1 = 0.000805160071176342
p2 = 0.000334763233367148
