[Camera]
Model = DJI Inspire 1

[Intrinsics]
fx = 0.614578125
fy = 0.614255208
cx = 0.4915677083
cy = 0.2782109375

[Radial]
k1 = -0.154181
k2 = 0.191157
k3 = -0.127208

[Tangential]
p1 = -0.000347475
p2 = 0.000901209Mo
