[Camera]
Model = GoPro Hero4

[Intrinsics]
fx = 0.582625
fy = 0.58759375
cx = 0.501177083333333
cy = 0.505030555555556

[Radial]
k1 = -0.270042
k2 = 0.114
k3 = -0.0294602

[Tangential]
p1 = -0.000356729
p2 = -0.000184773
