[Camera]
Model = GoPro Hero3

[Intrinsics]
fx = 0.446605713432292
fy = 0.456624084713542
cx = 0.504199087651042
cy = 0.271665751459961

[Radial]
k1 = -0.25761402
k2 = 0.0877086999
k3 = -0.000256970803

[Tangential]
p1 = -0.000593390389
p2 = -0.015219409
