[Camera]
Model = Nikon D810

[Intrinsics]
fx = 0.930406852248394
fy = 0.927041908840624
cx = 0.553594371367391
cy = 0.613340020060181

[Radial]
k1 = -0.0856
k2 = 0.0322
k3 = 0.1564

[Tangential]
p1 = -0.0021
p2 = -0.0024
