[Camera]
Model = Sony RX10 M2

[Intrinsics]
fx = 0.682082352
fy = 0.681452396
cx = 0.502803667
cy = 0.278837040

[Radial]
k1 = -0.00200180077279503
k2 = -0.000171661928003883

[Tangential]
p1 = 0.000780837449267255
p2 = 0.00131777116373489
