[Camera]
Model = Sony RX10 M2

[Intrinsics]
fx = 3735.92768193351
fy = 3726.42702477657
s = 1.23993724407126
cx = 2751.34166352007
cy = 1526.78770550591

[Radial]
k1 = -0.00200180077279503
k2 = -0.000171661928003883

[Tangential]
p1 = 0.000780837449267255
p2 = 0.00131777116373489
