[Camera]
Model = Sony RX10 M2

[Intrinsics]
fx = 9.01210625
fy = 10.64693436
s = 1.23993724407126
cx = 0.50280366657
cy = 0.49571029399

[Radial]
k1 = -0.00200180077279503
k2 = -0.000171661928003883

[Tangential]
p1 = 0.000780837449267255
p2 = 0.00131777116373489
